   -5.0000    -4.7500    -4.5000    -4.2500    -4.0000    -3.7500    -3.5000    -3.2500    -3.0000    -2.7500    -2.5000    -2.2500    -2.0000    -1.7500    -1.5000    -1.2500    -1.0000    -0.7500    -0.5000    -0.2500     0.0000     0.2500     0.5000     0.7500     1.0000     1.2500     1.5000     1.7500     2.0000     2.2500     2.5000     2.7500     3.0000     3.2500     3.5000     3.7500     4.0000     4.2500     4.5000     4.7500     5.0000    10.0000    15.0000    20.0000    20.0000    20.0000    20.0000    20.0000    20.0000    20.0000
   -4.7500    -4.5062    -4.2625    -4.0187    -3.7750    -3.5312    -3.2875    -3.0438    -2.8000    -2.5562    -2.3125    -2.0688    -1.8250    -1.5812    -1.3375    -1.0938    -0.8500    -0.6063    -0.3625    -0.1187     0.1250     0.3687     0.6125     0.8563     1.1000     1.3438     1.5875     1.8313     2.0750     2.3188     2.5625     2.8062     3.0500     3.2937     3.5375     3.7812     4.0250     4.2687     4.5125     4.7562     5.0000    10.0000    15.0000    20.0000    20.0000    20.0000    20.0000    20.0000    20.0000    20.0000
   -4.5000    -4.2625    -4.0250    -3.7875    -3.5500    -3.3125    -3.0750    -2.8375    -2.6000    -2.3625    -2.1250    -1.8875    -1.6500    -1.4125    -1.1750    -0.9375    -0.7000    -0.4625    -0.2250     0.0125     0.2500     0.4875     0.7250     0.9625     1.2000     1.4375     1.6750     1.9125     2.1500     2.3875     2.6250     2.8625     3.1000     3.3375     3.5750     3.8125     4.0500     4.2875     4.5250     4.7625     5.0000    10.0000    15.0000    20.0000    20.0000    20.0000    20.0000    20.0000    20.0000    20.0000
   -4.2500    -4.0187    -3.7875    -3.5563    -3.3250    -3.0938    -2.8625    -2.6313    -2.4000    -2.1688    -1.9375    -1.7062    -1.4750    -1.2438    -1.0125    -0.7812    -0.5500    -0.3188    -0.0875     0.1437     0.3750     0.6063     0.8375     1.0688     1.3000     1.5312     1.7625     1.9937     2.2250     2.4562     2.6875     2.9188     3.1500     3.3813     3.6125     3.8438     4.0750     4.3063     4.5375     4.7687     5.0000    10.0000    15.0000    20.0000    20.0000    20.0000    20.0000    20.0000    20.0000    20.0000
   -4.0000    -3.7750    -3.5500    -3.3250    -3.1000    -2.8750    -2.6500    -2.4250    -2.2000    -1.9750    -1.7500    -1.5250    -1.3000    -1.0750    -0.8500    -0.6250    -0.4000    -0.1750     0.0500     0.2750     0.5000     0.7250     0.9500     1.1750     1.4000     1.6250     1.8500     2.0750     2.3000     2.5250     2.7500     2.9750     3.2000     3.4250     3.6500     3.8750     4.1000     4.3250     4.5500     4.7750     5.0000    10.0000    15.0000    20.0000    20.0000    20.0000    20.0000    20.0000    20.0000    20.0000
   -3.7500    -3.5312    -3.3125    -3.0938    -2.8750    -2.6562    -2.4375    -2.2188    -2.0000    -1.7812    -1.5625    -1.3438    -1.1250    -0.9063    -0.6875    -0.4688    -0.2500    -0.0312     0.1875     0.4062     0.6250     0.8438     1.0625     1.2813     1.5000     1.7188     1.9375     2.1562     2.3750     2.5938     2.8125     3.0312     3.2500     3.4688     3.6875     3.9062     4.1250     4.3438     4.5625     4.7812     5.0000    10.0000    15.0000    20.0000    20.0000    20.0000    20.0000    20.0000    20.0000    20.0000
   -3.5000    -3.2875    -3.0750    -2.8625    -2.6500    -2.4375    -2.2250    -2.0125    -1.8000    -1.5875    -1.3750    -1.1625    -0.9500    -0.7375    -0.5250    -0.3125    -0.1000     0.1125     0.3250     0.5375     0.7500     0.9625     1.1750     1.3875     1.6000     1.8125     2.0250     2.2375     2.4500     2.6625     2.8750     3.0875     3.3000     3.5125     3.7250     3.9375     4.1500     4.3625     4.5750     4.7875     5.0000    10.0000    15.0000    20.0000    20.0000    20.0000    20.0000    20.0000    20.0000    20.0000
   -3.2500    -3.0437    -2.8375    -2.6313    -2.4250    -2.2188    -2.0125    -1.8063    -1.6000    -1.3938    -1.1875    -0.9812    -0.7750    -0.5688    -0.3625    -0.1562     0.0500     0.2562     0.4625     0.6687     0.8750     1.0812     1.2875     1.4938     1.7000     1.9062     2.1125     2.3187     2.5250     2.7313     2.9375     3.1437     3.3500     3.5562     3.7625     3.9688     4.1750     4.3812     4.5875     4.7938     5.0000    10.0000    15.0000    20.0000    20.0000    20.0000    20.0000    20.0000    20.0000    20.0000
   -3.0000    -2.8000    -2.6000    -2.4000    -2.2000    -2.0000    -1.8000    -1.6000    -1.4000    -1.2000    -1.0000    -0.8000    -0.6000    -0.4000    -0.2000     0.0000     0.2000     0.4000     0.6000     0.8000     1.0000     1.2000     1.4000     1.6000     1.8000     2.0000     2.2000     2.4000     2.6000     2.8000     3.0000     3.2000     3.4000     3.6000     3.8000     4.0000     4.2000     4.4000     4.6000     4.8000     5.0000    10.0000    15.0000    20.0000    20.0000    20.0000    20.0000    20.0000    20.0000    20.0000
   -3.2500    -3.0437    -2.8375    -2.6313    -2.4250    -2.2188    -2.0125    -1.8063    -1.6000    -1.3938    -1.1875    -0.9812    -0.7750    -0.5688    -0.3625    -0.1562     0.0500     0.2562     0.4625     0.6687     0.8750     1.0812     1.2875     1.4938     1.7000     1.9062     2.1125     2.3187     2.5250     2.7313     2.9375     3.1437     3.3500     3.5562     3.7625     3.9688     4.1750     4.3812     4.5875     4.7938     5.0000    10.0000    15.0000    20.0000    20.0000    20.0000    20.0000    20.0000    20.0000    20.0000
   -3.5000    -3.2875    -3.0750    -2.8625    -2.6500    -2.4375    -2.2250    -2.0125    -1.8000    -1.5875    -1.3750    -1.1625    -0.9500    -0.7375    -0.5250    -0.3125    -0.1000     0.1125     0.3250     0.5375     0.7500     0.9625     1.1750     1.3875     1.6000     1.8125     2.0250     2.2375     2.4500     2.6625     2.8750     3.0875     3.3000     3.5125     3.7250     3.9375     4.1500     4.3625     4.5750     4.7875     5.0000    10.0000    15.0000    20.0000    20.0000    20.0000    20.0000    20.0000    20.0000    20.0000
   -3.7500    -3.5312    -3.3125    -3.0938    -2.8750    -2.6562    -2.4375    -2.2188    -2.0000    -1.7812    -1.5625    -1.3438    -1.1250    -0.9063    -0.6875    -0.4688    -0.2500    -0.0312     0.1875     0.4062     0.6250     0.8438     1.0625     1.2813     1.5000     1.7188     1.9375     2.1562     2.3750     2.5938     2.8125     3.0312     3.2500     3.4688     3.6875     3.9062     4.1250     4.3438     4.5625     4.7812     5.0000    10.0000    15.0000    20.0000    20.0000    20.0000    20.0000    20.0000    20.0000    20.0000
   -4.0000    -3.7750    -3.5500    -3.3250    -3.1000    -2.8750    -2.6500    -2.4250    -2.2000    -1.9750    -1.7500    -1.5250    -1.3000    -1.0750    -0.8500    -0.6250    -0.4000    -0.1750     0.0500     0.2750     0.5000     0.7250     0.9500     1.1750     1.4000     1.6250     1.8500     2.0750     2.3000     2.5250     2.7500     2.9750     3.2000     3.4250     3.6500     3.8750     4.1000     4.3250     4.5500     4.7750     5.0000    10.0000    15.0000    20.0000    20.0000    20.0000    20.0000    20.0000    20.0000    20.0000
   -4.2500    -4.0187    -3.7875    -3.5563    -3.3250    -3.0938    -2.8625    -2.6313    -2.4000    -2.1688    -1.9375    -1.7062    -1.4750    -1.2438    -1.0125    -0.7812    -0.5500    -0.3188    -0.0875     0.1437     0.3750     0.6063     0.8375     1.0688     1.3000     1.5312     1.7625     1.9937     2.2250     2.4562     2.6875     2.9188     3.1500     3.3813     3.6125     3.8438     4.0750     4.3063     4.5375     4.7687     5.0000    10.0000    15.0000    20.0000    20.0000    20.0000    20.0000    20.0000    20.0000    20.0000
   -4.5000    -4.2625    -4.0250    -3.7875    -3.5500    -3.3125    -3.0750    -2.8375    -2.6000    -2.3625    -2.1250    -1.8875    -1.6500    -1.4125    -1.1750    -0.9375    -0.7000    -0.4625    -0.2250     0.0125     0.2500     0.4875     0.7250     0.9625     1.2000     1.4375     1.6750     1.9125     2.1500     2.3875     2.6250     2.8625     3.1000     3.3375     3.5750     3.8125     4.0500     4.2875     4.5250     4.7625     5.0000    10.0000    15.0000    20.0000    20.0000    20.0000    20.0000    20.0000    20.0000    20.0000
   -4.7500    -4.5062    -4.2625    -4.0187    -3.7750    -3.5312    -3.2875    -3.0438    -2.8000    -2.5562    -2.3125    -2.0688    -1.8250    -1.5812    -1.3375    -1.0938    -0.8500    -0.6063    -0.3625    -0.1187     0.1250     0.3687     0.6125     0.8563     1.1000     1.3438     1.5875     1.8313     2.0750     2.3188     2.5625     2.8062     3.0500     3.2937     3.5375     3.7812     4.0250     4.2687     4.5125     4.7562     5.0000    10.0000    15.0000    20.0000    20.0000    20.0000    20.0000    20.0000    20.0000    20.0000
