    0.0000     5.0000    10.0000    15.0000    20.0000    25.0000    30.0000    35.0000    40.0000    45.0000    50.0000    55.0000    60.0000    65.0000    70.0000    75.0000    80.0000    85.0000    90.0000    95.0000   100.0000   105.0000   110.0000   115.0000   120.0000   125.0000   130.0000   135.0000   140.0000   145.0000   150.0000   155.0000   160.0000   165.0000   170.0000   175.0000   180.0000   185.0000   190.0000   195.0000   200.0000   205.0000   210.0000   215.0000   220.0000   225.0000   230.0000   235.0000   240.0000   245.0000
    0.0000     5.0000    10.0000    15.0000    20.0000    25.0000    30.0000    35.0000    40.0000    45.0000    50.0000    55.0000    60.0000    65.0000    70.0000    75.0000    80.0000    85.0000    90.0000    95.0000   100.0000   105.0000   110.0000   115.0000   120.0000   125.0000   130.0000   135.0000   140.0000   145.0000   150.0000   155.0000   160.0000   165.0000   170.0000   175.0000   180.0000   185.0000   190.0000   195.0000   200.0000   205.0000   210.0000   215.0000   220.0000   225.0000   230.0000   235.0000   240.0000   245.0000
    0.0000     5.0000    10.0000    15.0000    20.0000    25.0000    30.0000    35.0000    40.0000    45.0000    50.0000    55.0000    60.0000    65.0000    70.0000    75.0000    80.0000    85.0000    90.0000    95.0000   100.0000   105.0000   110.0000   115.0000   120.0000   125.0000   130.0000   135.0000   140.0000   145.0000   150.0000   155.0000   160.0000   165.0000   170.0000   175.0000   180.0000   185.0000   190.0000   195.0000   200.0000   205.0000   210.0000   215.0000   220.0000   225.0000   230.0000   235.0000   240.0000   245.0000
    0.0000     5.0000    10.0000    15.0000    20.0000    25.0000    30.0000    35.0000    40.0000    45.0000    50.0000    55.0000    60.0000    65.0000    70.0000    75.0000    80.0000    85.0000    90.0000    95.0000   100.0000   105.0000   110.0000   115.0000   120.0000   125.0000   130.0000   135.0000   140.0000   145.0000   150.0000   155.0000   160.0000   165.0000   170.0000   175.0000   180.0000   185.0000   190.0000   195.0000   200.0000   205.0000   210.0000   215.0000   220.0000   225.0000   230.0000   235.0000   240.0000   245.0000
    0.0000     5.0000    10.0000    15.0000    20.0000    25.0000    30.0000    35.0000    40.0000    45.0000    50.0000    55.0000    60.0000    65.0000    70.0000    75.0000    80.0000    85.0000    90.0000    95.0000   100.0000   105.0000   110.0000   115.0000   120.0000   125.0000   130.0000   135.0000   140.0000   145.0000   150.0000   155.0000   160.0000   165.0000   170.0000   175.0000   180.0000   185.0000   190.0000   195.0000   200.0000   205.0000   210.0000   215.0000   220.0000   225.0000   230.0000   235.0000   240.0000   245.0000
    0.0000     5.0000    10.0000    15.0000    20.0000    25.0000    30.0000    35.0000    40.0000    45.0000    50.0000    55.0000    60.0000    65.0000    70.0000    75.0000    80.0000    85.0000    90.0000    95.0000   100.0000   105.0000   110.0000   115.0000   120.0000   125.0000   130.0000   135.0000   140.0000   145.0000   150.0000   155.0000   160.0000   165.0000   170.0000   175.0000   180.0000   185.0000   190.0000   195.0000   200.0000   205.0000   210.0000   215.0000   220.0000   225.0000   230.0000   235.0000   240.0000   245.0000
    0.0000     5.0000    10.0000    15.0000    20.0000    25.0000    30.0000    35.0000    40.0000    45.0000    50.0000    55.0000    60.0000    65.0000    70.0000    75.0000    80.0000    85.0000    90.0000    95.0000   100.0000   105.0000   110.0000   115.0000   120.0000   125.0000   130.0000   135.0000   140.0000   145.0000   150.0000   155.0000   160.0000   165.0000   170.0000   175.0000   180.0000   185.0000   190.0000   195.0000   200.0000   205.0000   210.0000   215.0000   220.0000   225.0000   230.0000   235.0000   240.0000   245.0000
    0.0000     5.0000    10.0000    15.0000    20.0000    25.0000    30.0000    35.0000    40.0000    45.0000    50.0000    55.0000    60.0000    65.0000    70.0000    75.0000    80.0000    85.0000    90.0000    95.0000   100.0000   105.0000   110.0000   115.0000   120.0000   125.0000   130.0000   135.0000   140.0000   145.0000   150.0000   155.0000   160.0000   165.0000   170.0000   175.0000   180.0000   185.0000   190.0000   195.0000   200.0000   205.0000   210.0000   215.0000   220.0000   225.0000   230.0000   235.0000   240.0000   245.0000
    0.0000     5.0000    10.0000    15.0000    20.0000    25.0000    30.0000    35.0000    40.0000    45.0000    50.0000    55.0000    60.0000    65.0000    70.0000    75.0000    80.0000    85.0000    90.0000    95.0000   100.0000   105.0000   110.0000   115.0000   120.0000   125.0000   130.0000   135.0000   140.0000   145.0000   150.0000   155.0000   160.0000   165.0000   170.0000   175.0000   180.0000   185.0000   190.0000   195.0000   200.0000   205.0000   210.0000   215.0000   220.0000   225.0000   230.0000   235.0000   240.0000   245.0000
    0.0000     5.0000    10.0000    15.0000    20.0000    25.0000    30.0000    35.0000    40.0000    45.0000    50.0000    55.0000    60.0000    65.0000    70.0000    75.0000    80.0000    85.0000    90.0000    95.0000   100.0000   105.0000   110.0000   115.0000   120.0000   125.0000   130.0000   135.0000   140.0000   145.0000   150.0000   155.0000   160.0000   165.0000   170.0000   175.0000   180.0000   185.0000   190.0000   195.0000   200.0000   205.0000   210.0000   215.0000   220.0000   225.0000   230.0000   235.0000   240.0000   245.0000
    0.0000     5.0000    10.0000    15.0000    20.0000    25.0000    30.0000    35.0000    40.0000    45.0000    50.0000    55.0000    60.0000    65.0000    70.0000    75.0000    80.0000    85.0000    90.0000    95.0000   100.0000   105.0000   110.0000   115.0000   120.0000   125.0000   130.0000   135.0000   140.0000   145.0000   150.0000   155.0000   160.0000   165.0000   170.0000   175.0000   180.0000   185.0000   190.0000   195.0000   200.0000   205.0000   210.0000   215.0000   220.0000   225.0000   230.0000   235.0000   240.0000   245.0000
    0.0000     5.0000    10.0000    15.0000    20.0000    25.0000    30.0000    35.0000    40.0000    45.0000    50.0000    55.0000    60.0000    65.0000    70.0000    75.0000    80.0000    85.0000    90.0000    95.0000   100.0000   105.0000   110.0000   115.0000   120.0000   125.0000   130.0000   135.0000   140.0000   145.0000   150.0000   155.0000   160.0000   165.0000   170.0000   175.0000   180.0000   185.0000   190.0000   195.0000   200.0000   205.0000   210.0000   215.0000   220.0000   225.0000   230.0000   235.0000   240.0000   245.0000
    0.0000     5.0000    10.0000    15.0000    20.0000    25.0000    30.0000    35.0000    40.0000    45.0000    50.0000    55.0000    60.0000    65.0000    70.0000    75.0000    80.0000    85.0000    90.0000    95.0000   100.0000   105.0000   110.0000   115.0000   120.0000   125.0000   130.0000   135.0000   140.0000   145.0000   150.0000   155.0000   160.0000   165.0000   170.0000   175.0000   180.0000   185.0000   190.0000   195.0000   200.0000   205.0000   210.0000   215.0000   220.0000   225.0000   230.0000   235.0000   240.0000   245.0000
    0.0000     5.0000    10.0000    15.0000    20.0000    25.0000    30.0000    35.0000    40.0000    45.0000    50.0000    55.0000    60.0000    65.0000    70.0000    75.0000    80.0000    85.0000    90.0000    95.0000   100.0000   105.0000   110.0000   115.0000   120.0000   125.0000   130.0000   135.0000   140.0000   145.0000   150.0000   155.0000   160.0000   165.0000   170.0000   175.0000   180.0000   185.0000   190.0000   195.0000   200.0000   205.0000   210.0000   215.0000   220.0000   225.0000   230.0000   235.0000   240.0000   245.0000
    0.0000     5.0000    10.0000    15.0000    20.0000    25.0000    30.0000    35.0000    40.0000    45.0000    50.0000    55.0000    60.0000    65.0000    70.0000    75.0000    80.0000    85.0000    90.0000    95.0000   100.0000   105.0000   110.0000   115.0000   120.0000   125.0000   130.0000   135.0000   140.0000   145.0000   150.0000   155.0000   160.0000   165.0000   170.0000   175.0000   180.0000   185.0000   190.0000   195.0000   200.0000   205.0000   210.0000   215.0000   220.0000   225.0000   230.0000   235.0000   240.0000   245.0000
    0.0000     5.0000    10.0000    15.0000    20.0000    25.0000    30.0000    35.0000    40.0000    45.0000    50.0000    55.0000    60.0000    65.0000    70.0000    75.0000    80.0000    85.0000    90.0000    95.0000   100.0000   105.0000   110.0000   115.0000   120.0000   125.0000   130.0000   135.0000   140.0000   145.0000   150.0000   155.0000   160.0000   165.0000   170.0000   175.0000   180.0000   185.0000   190.0000   195.0000   200.0000   205.0000   210.0000   215.0000   220.0000   225.0000   230.0000   235.0000   240.0000   245.0000
